275 1721 912.28 Mariana
449 1581 2887.90 Israel 
442 3211 415.88 Selma 
224 4058 1931.11 Wilian
275 1721 912.28 Mariana
449 1581 2887.90 Israel 
442 3211 415.88 Selma 
224 4058 1931.11 Wilian
275 1721 912.28 Mariana
449 1581 2887.90 Israel 
442 3211 415.88 Selma 
224 4058 1931.11 Wilian
275 1721 912.28 Mariana
449 1581 2887.90 Israel 
442 3211 415.88 Selma 
224 4058 1931.11 Wilian
275 1721 912.28 Mariana
449 1581 2887.90 Israel 
442 3211 415.88 Selma 
224 4058 1931.11 Wilian
275 1721 912.28 Mariana
449 1581 2887.90 Israel 
442 3211 415.88 Selma 
224 4058 1931.11 Wilian
275 1721 912.28 Mariana
449 1581 2887.90 Israel 
442 3211 415.88 Selma 
224 4058 1931.11 Wilian
275 1721 912.28 Mariana
449 1581 2887.90 Israel 
442 3211 415.88 Selma 
224 4058 1931.11 Wilian
275 1721 912.28 Mariana
449 1581 2887.90 Israel 
442 3211 415.88 Selma 
224 4058 1931.11 Wilian
275 1721 912.28 Mariana
449 1581 2887.90 Israel 
442 3211 415.88 Selma 
224 4058 1931.11 Wilian
275 1721 912.28 Mariana
449 1581 2887.90 Israel 
442 3211 415.88 Selma 
224 4058 1931.11 Wilian
275 1721 912.28 Mariana
449 1581 2887.90 Israel 
442 3211 415.88 Selma 
224 4058 1931.11 Wilian
275 1721 912.28 Mariana
449 1581 2887.90 Israel 
442 3211 415.88 Selma 
224 4058 1931.11 Wilian
275 1721 912.28 Mariana
449 1581 2887.90 Israel 
442 3211 415.88 Selma 
224 4058 1931.11 Wilian
275 1721 912.28 Mariana
449 1581 2887.90 Israel 
442 3211 415.88 Selma 
224 4058 1931.11 Wilian
275 1721 912.28 Mariana
449 1581 2887.90 Israel 
442 3211 415.88 Selma 
224 4058 1931.11 Wilian
275 1721 912.28 Mariana
449 1581 2887.90 Israel 
442 3211 415.88 Selma 
224 4058 1931.11 Wilian
275 1721 912.28 Mariana
449 1581 2887.90 Israel 
442 3211 415.88 Selma 
224 4058 1931.11 Wilian
275 1721 912.28 Mariana
449 1581 2887.90 Israel 
442 3211 415.88 Selma 
224 4058 1931.11 Wilian
275 1721 912.28 Mariana
449 1581 2887.90 Israel 
442 3211 415.88 Selma 
224 4058 1931.11 Wilian
275 1721 912.28 Mariana
449 1581 2887.90 Israel 
442 3211 415.88 Selma 
224 4058 1931.11 Wilian
275 1721 912.28 Mariana
449 1581 2887.90 Israel 
442 3211 415.88 Selma 
224 4058 1931.11 Wilian
275 1721 912.28 Mariana
449 1581 2887.90 Israel 
442 3211 415.88 Selma 
224 4058 1931.11 Wilian
275 1721 912.28 Mariana
449 1581 2887.90 Israel 
442 3211 415.88 Selma 
224 4058 1931.11 Wilian
275 1721 912.28 Mariana
449 1581 2887.90 Israel 
442 3211 415.88 Selma 
224 4058 1931.11 Wilian
275 1721 912.28 Mariana
449 1581 2887.90 Israel 
442 3211 415.88 Selma 
224 4058 1931.11 Wilian
275 1721 912.28 Mariana
449 1581 2887.90 Israel 
442 3211 415.88 Selma 
224 4058 1931.11 Wilian
275 1721 912.28 Mariana
449 1581 2887.90 Israel 
442 3211 415.88 Selma 
224 4058 1931.11 Wilian
275 1721 912.28 Mariana
449 1581 2887.90 Israel 
442 3211 415.88 Selma 
224 4058 1931.11 Wilian
275 1721 912.28 Mariana
449 1581 2887.90 Israel 
442 3211 415.88 Selma 
224 4058 1931.11 Wilian
275 1721 912.28 Mariana
449 1581 2887.90 Israel 
442 3211 415.88 Selma 
224 4058 1931.11 Wilian
